1 999
2 999
3 999
4 8
5 999
6 9
7 999
8 13
9 999
10 999
11 7
12 8
13 8
14 7
15 7
16 999
17 999
18 8
19 999
20 999
21 999
22 2
23 5
24 999
25 7
26 999
27 7
28 7
29 999
30 999
31 999
32 8
33 999
34 999
35 9
36 999
37 7
38 2
39 8
40 999
41 999
42 6
43 999
44 9
45 3
46 999
47 999
48 999
49 999
50 5
51 8
52 999
53 999
54 7
55 999
56 999
57 999
58 999
59 999
60 9
61 999
62 7
63 999
64 999
65 999
66 9
67 4
68 999
69 999
70 999
71 999
72 999
73 999
74 999
75 999
76 999
77 8
78 999
79 999
80 999
81 8
82 8
83 999
84 999
85 999
86 999
87 999
88 999
89 999
90 7
91 999
92 6
93 999
94 999
95 999
96 5
97 999
98 5
99 999
100 999
101 999
102 999
103 999
104 999
105 999
106 5
107 999
108 999
109 999
110 999
111 7
112 999
113 6
114 999
115 6
116 999
117 999
118 999
119 999
120 999
121 999
122 999
123 999
124 999
125 999
126 6
127 999
128 5
129 999
130 6
131 999
132 999
133 999
134 4
135 4
136 999
137 5
138 999
139 999
140 999
141 999
142 3
143 999
144 4
145 999
146 999
147 999
148 999
149 6
150 999
151 999
152 999
153 999
154 999
155 999
156 8
157 999
158 999
159 5
160 999
161 999
162 999
163 5
164 999
165 999
166 999
167 999
168 999
169 999
170 4
171 999
172 999
173 999
174 6
175 999
176 999
177 4
178 999
179 999
180 999
181 999
182 999
183 999
184 999
185 999
186 999
187 999
188 999
189 4
190 999
191 999
192 3
193 999
194 999
195 999
196 999
197 999
198 999
199 999
200 8
201 999
202 999
203 999
204 3
205 999
206 999
207 999
208 999
209 999
210 999
211 999
212 2
213 999
214 999
215 7
216 999
217 999
218 999
219 4
220 7
221 6
222 4
223 999
224 999
225 999
226 5
227 999
228 8
229 5
230 999
231 999
232 999
233 999

